18
48
108
165
225
282
342
399
444
489
552
603
671
818
830
957
1036
1080
1124
1168
1219
1248
1425
1483
1535
1557
1665
1732
1776
1893
2010
2073
2141
2190
2250
2361
2418
2601
2625
2652
2682
2749
2835
2886
2952
3063
3120
3297
3363
3420
3474
3537
3597
3654
3708
3771
3860
3888
3948
4005
4065
4116
4190
4233
4350
4416
4473
4533
4600
4701
4761
4818
4848
4887
4935
4995
5169
5229
5302
5346
5403
5463
5520
5586
5640
5697
5874
5916
5991
6048
6165
6225
6252
6288
6342
6459
6522
6576
6678
6756
6810
6867
6933
6990
7044
7107
7161
7224
7284
7335
7401
7512
7569
7635
7692
7752
7803
7869
7929
8046
8097
8163
8214
8280
8397
8448
8478
8565
8631
8720
8742
8805
8916
8954
9016
9150
9210
9384
9444
9567
9621
9663
9735
9780
9890
10031
10150